,iteration, 2MiB get time, recover pysical , sum getting time, former flip, later flip, sum flip, flip in page, form time, later time, searching time, entire time, dump
0,1,0.324512,5.21006,5.53457,13,4,17,17,11.5119,10.8161,22.328,27.862569999999998,0
1,2,0.330876,3.74804,4.07892,34,10,61,61,8.7574,7.78526,16.5427,48.48419,0
2,3,0.332504,4.07382,4.40633,28,15,104,104,8.63597,7.5983,16.2343,69.12482,0
3,4,0.333199,3.10311,3.43631,10,0,114,114,12.2006,1.34e-07,12.200699865999999,84.761829866,1
4,5,0.335441,7.79745,8.13289,9,0,123,123,11.404,1.61e-07,11.404099838999999,104.298819705,2
5,6,0.33509,7.63759,7.97268,16,12,151,151,11.4142,10.6898,22.104,134.375499705,2
6,7,0.3327,8.91489,9.24759,14,5,170,169,11.6947,10.6398,22.3345,165.957589705,2
7,8,0.336194,5.8883,6.2245,9,0,179,178,12.421,1.38e-07,12.420999861999999,184.603089567,3
8,9,0.337477,6.36443,6.7019,33,16,228,227,9.47115,6.76064,16.2318,207.53678956700003,3
9,10,0.334709,4.70104,5.03575,17,7,252,251,11.7548,9.57267,21.3275,233.90003956700002,3
10,11,0.334408,6.04313,6.37754,35,20,307,305,8.64306,6.71652,15.3596,255.63717956700003,3
11,12,0.337146,4.54489,4.88204,37,12,356,354,8.96466,6.62121,15.5859,276.10511956700003,3
12,13,0.335521,4.78494,5.12046,34,20,410,408,7.82677,7.60984,15.4366,296.662179567,3
13,14,0.337805,6.20012,6.53793,29,20,459,456,8.61686,7.56093,16.1778,319.377909567,3
14,15,0.336524,7.08908,7.4256,18,6,483,480,11.7385,9.69999,21.4385,348.242009567,3
15,16,0.335956,9.06485,9.40081,24,28,535,532,10.1964,6.36516,16.5616,374.204419567,3
16,17,0.318545,2.4773,2.79585,8,0,543,540,12.9563,1.25e-07,12.956299875000001,389.956569442,4
17,18,0.317037,0.791581,1.10862,12,5,560,555,11.9865,10.5824,22.5689,413.634089442,4
18,19,0.316797,8.66021,8.97701,26,15,601,594,10.2232,9.23188,19.4551,442.066199442,4
19,20,0.317361,0.425847,0.743208,0,0,601,594,12.4894,1.18e-07,12.489399881999999,455.29880732400005,5
20,21,0.313132,0.185779,0.498911,27,8,636,629,9.59308,10.4091,20.0022,475.79991832400003,5
21,22,0.315161,6.51922,6.83438,10,0,646,639,11.2065,1.36e-07,11.206499864,493.840798188,6
22,23,0.333277,6.117,6.45028,12,10,668,661,12.2273,10.5372,22.7645,523.055578188,6
23,24,0.33535,4.78488,5.12023,21,9,698,690,10.5774,8.59727,19.1746,547.3504081880001,6
24,25,0.334773,2.23871,2.57348,38,12,748,739,9.75088,6.81532,16.5662,566.4900881880001,6
25,26,0.334214,4.62598,4.96019,30,12,790,780,9.12692,7.25663,16.3836,587.8338781880001,6
26,27,0.33563,7.63549,7.97112,34,24,848,836,8.14008,7.51888,15.659,611.4639981880001,6
27,28,0.333723,8.10484,8.43856,12,13,873,860,11.2144,10.1364,21.3508,641.2533581880001,6
28,29,0.335391,4.86034,5.19573,8,0,881,868,12.3952,1.52e-07,12.395299848,658.844388036,7
29,30,0.337162,7.64004,7.9772,6,0,887,874,12.2951,1.31e-07,12.295099869,679.116687905,8
30,31,0.331152,5.76195,6.09311,10,0,897,884,12.1898,8.7e-08,12.189799913,697.3995978180001,9
31,32,0.337151,5.59745,5.9346,12,4,913,898,12.4731,10.8028,23.276,726.6101978180001,9
32,33,0.327203,8.56169,8.88889,9,0,922,906,11.6707,1.52e-07,11.670699848,747.169787666,10
33,34,0.329718,5.04373,5.37345,27,16,965,947,8.76189,8.08522,16.8471,769.390337666,10
34,35,0.336948,9.1403,9.47725,30,34,1029,1009,9.90188,6.36722,16.2691,795.1366876660001,10
35,36,0.338454,7.00261,7.34107,36,26,1091,1070,8.11227,7.22947,15.3418,817.819557666,10
36,37,0.338778,5.47911,5.81789,28,19,1138,1117,9.47005,5.71898,15.1891,838.826547666,10
37,38,0.336803,5.8928,6.2296,14,11,1163,1142,11.4325,10.0148,21.4473,866.503447666,10
38,39,0.336215,7.23756,7.57378,36,16,1215,1193,8.08117,7.35147,15.4327,889.5099276660001,10
39,40,0.341948,3.04314,3.38509,38,10,1263,1238,10.0324,6.62326,16.6557,909.5507176660001,10
40,41,0.33725,3.35383,3.69108,30,8,1301,1274,9.62609,7.32571,16.9518,930.1935976660001,10
41,42,0.339944,4.94172,5.28167,15,8,1324,1295,11.2586,10.2024,21.461,956.936267666,10
42,43,0.337893,6.195,6.5329,21,19,1364,1334,10.2463,7.70634,17.9527,981.421867666,10
43,44,0.344653,5.88901,6.23366,11,0,1375,1345,12.4068,1.35e-07,12.406799865,1000.062327531,11
44,45,0.342673,5.0187,5.36137,28,17,1420,1388,8.9821,7.93802,16.9201,1022.3437975310001,11
45,46,0.338278,7.94564,8.28392,16,12,1448,1415,10.5512,10.1372,20.6884,1051.3161175310001,11
46,47,0.340449,2.72137,3.06182,16,3,1467,1434,11.8613,9.82621,21.6875,1076.065437531,11
47,48,0.331496,3.70787,4.03937,24,7,1498,1462,10.3034,9.48364,19.787,1099.891807531,11
48,49,0.335496,5.82546,6.16095,8,0,1506,1470,12.1635,1.32e-07,12.163499868,1118.2162573990001,12
49,50,0.334471,6.21187,6.54634,11,0,1517,1481,12.6501,1.47e-07,12.650099853,1137.412697252,13
50,51,0.332707,5.34381,5.67652,25,17,1559,1523,10.4432,7.56959,18.0128,1161.102017252,13
51,52,0.335391,6.29594,6.63133,14,8,1581,1543,12.468,10.154,22.622,1190.355347252,13
52,53,0.331857,9.5196,9.85146,11,0,1592,1553,11.7187,1.82e-07,11.718699818,1211.92550707,14
53,54,0.336665,8.01404,8.3507,15,4,1611,1572,10.8514,10.3087,21.1601,1241.43630707,14
54,55,0.338429,1.51138,1.84981,12,3,1626,1587,11.675,10.6849,22.3599,1265.6460170700002,14
55,56,0.336547,2.06624,2.40278,32,9,1667,1624,9.70145,7.42234,17.1238,1285.1725970700002,14
56,57,0.337908,4.26477,4.60268,30,16,1713,1669,8.9765,7.85005,16.8266,1306.6018770700002,14
57,58,0.341008,5.68581,6.02682,25,19,1757,1712,9.97874,6.70365,16.6824,1329.3110970700002,14
58,59,0.344542,5.29803,5.64258,12,9,1778,1732,12.0963,9.85159,21.9479,1356.9015770700003,14
59,60,0.341156,7.95567,8.29683,29,25,1832,1781,9.23204,7.64133,16.8734,1382.0718070700002,14
60,61,0.33873,2.84821,3.18694,9,0,1841,1790,12.1592,1.33e-07,12.159199867,1397.4179469370001,15
61,62,0.337594,7.22989,7.56748,12,11,1864,1812,11.9767,10.5431,22.5198,1427.505226937,15
62,63,0.338749,5.26935,5.60809,12,3,1879,1826,11.616,10.9562,22.5722,1455.685516937,15
63,64,0.337455,2.53068,2.86814,10,0,1889,1835,12.2342,1.4e-07,12.23419986,1470.7878567970001,16
64,65,0.342148,5.57938,5.92153,23,13,1925,1870,9.86876,8.6529,18.5217,1495.2310867970002,16
65,66,0.338904,5.13033,5.46923,35,17,1977,1918,9.55325,7.91574,17.469,1518.1693167970002,16
66,67,0.340615,5.41923,5.75985,13,6,1996,1936,11.9533,10.2522,22.2055,1546.1346667970001,16
67,68,0.340139,4.73283,5.07296,17,5,2018,1957,11.7695,10.7051,22.4747,1573.682326797,16
68,69,0.338822,4.65525,4.99408,23,15,2056,1994,9.69327,9.14302,18.8363,1597.5127067970002,16
69,70,0.341429,7.42675,7.76818,20,15,2091,2027,11.7643,8.69568,20.46,1625.7408867970003,16
70,71,0.351064,5.48173,5.83279,10,0,2101,2036,11.5843,1.38e-07,11.584299862,1643.1579766590003,17
71,72,0.34541,2.80589,3.1513,25,10,2136,2067,9.41673,9.14448,18.5612,1664.8704766590004,17
72,73,0.345862,2.96261,3.30847,11,0,2147,2078,11.8863,1.22e-07,11.886299878,1680.0652465370003,18
73,74,0.341743,5.48367,5.82542,12,5,2164,2093,11.9008,10.5625,22.4633,1708.3539665370004,18
74,75,0.34259,3.75022,4.09281,15,8,2187,2112,12.1025,10.1138,22.2163,1734.6630765370003,18
75,76,0.345881,3.04377,3.38965,17,7,2211,2135,10.9015,10.4351,21.3366,1759.3893265370002,18
76,77,0.346123,4.94175,5.28787,33,14,2258,2180,9.11244,7.57779,16.6902,1781.3673965370003,18
77,78,0.345192,8.58659,8.93179,31,28,2317,2236,8.20789,6.54488,14.7528,1805.0519865370004,18
78,79,0.347182,3.91074,4.25792,12,3,2332,2251,12.5646,9.76815,22.3328,1831.6427065370003,18
79,80,0.348912,5.48126,5.83017,36,18,2386,2301,8.93695,6.72792,15.6649,1853.1377765370003,18
80,81,0.342774,3.60068,3.94345,35,6,2427,2338,9.2885,7.42715,16.7157,1873.7969265370002,18
81,82,0.342641,5.50517,5.84781,12,3,2442,2352,11.9809,11.027,23.008,1902.6527365370002,18
82,83,0.339772,6.68114,7.02091,10,0,2452,2362,12.0253,2.73e-07,12.025299727,1921.6989462640001,19
83,84,0.343408,5.82504,6.16845,30,24,2506,2413,9.19941,7.27656,16.476,1944.3433962640001,19
84,85,0.343541,2.30689,2.65043,35,8,2549,2454,8.15252,8.26,16.4125,1963.4063262640002,19
85,86,0.344539,2.61461,2.95915,16,3,2568,2471,11.9894,10.6188,22.6083,1988.9737762640002,19
86,87,0.345731,3.79075,4.13648,39,18,2625,2524,8.3718,8.13341,16.5052,2009.6154562640002,19
87,88,0.343034,2.85259,3.19562,15,3,2643,2541,11.4139,10.8933,22.3072,2035.118276264,19
88,89,0.345591,3.39453,3.74012,21,2,2666,2562,11.9565,9.91874,21.8753,2060.733696264,19
89,90,0.345139,7.22734,7.57248,40,25,2731,2623,8.66731,6.79084,15.4582,2083.764376264,19
90,91,0.345112,4.49778,4.8429,11,0,2742,2634,11.6522,1.35e-07,11.652299865,2100.259576129,20
91,92,0.342775,6.21325,6.55602,41,15,2798,2685,10.1546,6.0561,16.2107,2123.026296129,20
92,93,0.348893,8.48929,8.83819,15,12,2825,2709,10.9882,11.2762,22.2644,2154.128886129,20
93,94,0.349569,5.89902,6.24859,21,12,2858,2741,10.5025,7.42855,17.9311,2178.308576129,20
94,95,0.350705,6.6784,7.02911,23,25,2906,2781,10.3357,7.81145,18.1472,2203.4848861289997,20
95,96,0.34999,3.08375,3.43374,14,3,2923,2793,12.678,10.372,23.05,2229.968626129,20
96,97,0.351217,2.37639,2.7276,35,14,2972,2834,8.58658,8.3726,16.9592,2249.655426129,20
97,98,0.351946,8.49683,8.84878,12,10,2994,2855,10.1992,11.2789,21.4781,2279.982306129,20
98,99,0.353452,5.18601,5.53947,31,20,3045,2901,10.2697,6.56805,16.8378,2302.359576129,20
99,100,0.354628,4.23363,4.58826,9,0,3054,2909,12.5369,1.22e-07,12.536899878,2319.484736007,21
100,101,0.355825,7.94494,8.30076,34,16,3104,2952,8.87962,7.47833,16.358,2344.1434960069996,21
101,102,0.352041,4.89075,5.24279,15,10,3129,2974,11.8231,10.4461,22.2692,2371.6554860069996,21
102,103,0.349148,8.01512,8.36427,17,6,3152,2993,11.5148,10.3306,21.8454,2401.8651560069998,21
103,104,0.350259,6.0471,6.39736,12,6,3170,3007,12.2439,11.8036,24.0476,2432.3101160069996,21
104,105,0.35371,4.65274,5.00645,28,8,3206,3039,10.9371,7.45878,18.3959,2455.7124660069994,21
105,106,0.351065,4.81538,5.16644,30,12,3248,3075,9.96547,8.69045,18.6559,2479.5348060069996,21
106,107,0.350652,4.3429,4.69355,12,11,3271,3095,11.8042,10.6596,22.4638,2506.6921560069995,21
